# Set color palette
pal1 <- c(
  "#ad0000",
  "#004e74",
  "#8b9da1",
  "#00a89d",
  "#ffba00",
  "#544009",
  "#698900",
  "#ddcb2e"
)

pal2 <- c(
  '#444444',
  '#de6757',
  '#466eb4',
  '#d7642c',
  '#af4b91',
  '#00a0e1',
  '#41a65c',
  '#5E2C25',
  '#78695F'
)

pal3 <- c(
  '#c8c8c8',
  '#f0c571',
  '#59a89c',
  '#0b81a2',
  '#e25759',
  '#9d2c00',
  '#7E4794',
  '#36b700'
)

black_text <- "#010203"
dark_text <- "#1A242F"
mid_text <- "#343D46"
light_text <- "#4E565E"
